Item                                 LOW              BASE              HIGH
purchased_equipment          164,900,000       194,000,000       242,500,000
installation                  24,735,000        38,800,000        72,750,000
electrical                    16,490,000        23,280,000        36,375,000
instrumentation                8,245,000        13,580,000        24,250,000
piping                         4,947,000         9,700,000        19,400,000
hvac_odor                      3,298,000         5,820,000        12,125,000
fire_protection                3,298,000         5,820,000        12,125,000
civil                         24,735,000        38,800,000        72,750,000
buildings                     47,000,000        62,000,000        78,000,000
engineering                   17,858,880        31,344,000        68,433,000
commissioning                  3,298,000         5,820,000         9,700,000
contingency                   47,820,732        85,792,800       194,522,400
TOTAL                        366,625,612       514,756,800       842,930,400
