Tag               kW  Qty Stby    LF    DF     Op kW    FLA A  Start
WB-101           2.0    5    0  0.50  1.00       5.0      3.6  DOL
CR-101         250.0    2    1  0.50  1.00     250.0    261.8  VFD
DR-101           4.0   14    0  0.15  1.00       8.4      7.2  DOL
CV-201          30.0    4    0  0.70  1.00      84.0     54.2  VFD
SH-201         320.0    4    0  0.65  1.00     832.0    335.1  VFD
TR-201          90.0    4    0  0.75  1.00     270.0    162.6  VFD
MS-202          11.0    8    0  0.80  1.00      70.4     19.9  DOL
CV-2XX          11.0   24    0  0.70  1.00     184.8     19.9  VFD
BS-301          30.0    4    0  0.80  1.00      96.0     54.2  VFD
OS-3XX          12.0   18    0  0.80  1.00     172.8     21.7  VFD
EC-304          15.0    2    0  0.80  1.00      24.0     27.1  VFD
RB-3XX           5.0    8    0  0.70  1.00      28.0      9.0  VFD
QC-3XX          30.0    4    0  0.60  1.00      72.0     54.2  VFD
CV-3XX           7.5   60    0  0.70  1.00     315.0     13.5  VFD
CP-301         315.0    4    1  0.80  1.00    1008.0    569.0  VFD
BL-601         110.0    2    1  0.60  1.00     132.0    198.7  DOL
AD-401F         90.0   12    0  0.50  1.00     540.0    162.6  VFD
AD-401M         75.0   12    0  0.60  1.00     540.0    135.5  VFD
AD-401P         37.5   12    0  0.50  1.00     225.0     67.7  VFD
DW-401          30.0    6    0  0.70  1.00     126.0     54.2  VFD
GB-401          60.0    3    1  0.70  1.00     126.0    108.4  VFD
GE-401          60.0    5    0  0.80  1.00     240.0    108.4  VFD
FN-402          45.0   32    0  0.65  1.00     936.0     81.3  VFD
FN-403          22.0   20    0  0.60  1.00     264.0     39.7  VFD
TR-402         300.0    2    0  0.70  1.00     420.0    541.9  VFD
SH-501         500.0    3    1  0.70  1.00    1050.0    523.6  VFD
WS-501          90.0    2    0  0.80  1.00     144.0    162.6  VFD
DR-501         250.0    2    0  0.75  1.00     375.0    451.6  VFD
CR-501         150.0    2    0  0.40  1.00     120.0    157.1  VFD
CV-5XX          11.0   20    0  0.70  1.00     154.0     19.9  VFD
FN-801         132.0    7    1  0.85  1.00     785.4    138.2  VFD
SCR-801         30.0    8    0  0.70  1.00     168.0     54.2  VFD
DC-201          90.0    6    0  0.80  1.00     432.0    162.6  VFD
WWT-901        500.0    1    0  0.70  1.00     350.0    903.2  VFD
UT-701          22.0    4    1  0.60  1.00      52.8     39.7  VFD
BLD-701        600.0    1    0  0.60  1.00     360.0   1083.9  DOL

connected_kW                 16,296.0
installed_incl_standby_kW    17,685.0
operating_kW                 10,960.6
peak_kW                      13,504.7
energy_kWh_per_day           237,871.2
required_kVA                 19,859.8
transformers_N+1             > 5000 kVA: split into several substations (MV distribution study)
transformers_2x50            > 2 x 5000 kVA: MV distribution study required
specific_kWh_per_t           91.5
